# Dilithium Hardware Verification Golden Vectors
# Mode: DILITHIUM_MODE=2, N=256, Q=8380417
#
TEST SHAKE128_EMPTY  : 7f9c2ba4e88f827d616045507605853ed73b8093f6efbc88eb1a6eacfa66ef26
TEST SHAKE128_ABC    : 5881092dd818bf5cf8a3ddb793fbcba74097d5c526a6d35f97b83351940f2cc844c50af32acd3f2cdd066568706f509bc1bdde58295dae3f891a9a0fca578378
TEST SHAKE256_EMPTY  : 46b9dd2b0ba88d13233b3feb743eeb243fcd52ea62b81b82b50c27646ed5762f
TEST SHAKE256_ABC    : 483366601360a8771c6863080cc4114d8db44530f8f1e1ee4f94ea37e78b5739d5a15bef186a5386c75744c0527e1faa9f8726e462a12a4feb06bd8801e751e4
TEST NTT_SMALL       : 4584470 3970604 7212339 8328079 -2589508 -7990166 1969995 286939 -2497319 3246325 3055473 6048777 -1410611 -1979573 4125027 3542909 -8523048 -3559938 -2220601 -10143537 -4590294 -3955758 -925673 -3786543 -3156797 -3069267 -1202389 -1081463 -10813698 -2699532 -12309164 -11880650 7939928 11302654 2642201 9795249 2516146 -2798604 4255035 7731303 333003 60223 770853 -6545023 -5134803 -3700125 3377075 -4194827 2138299 -4768005 2158430 3144376 1838011 -4448311 -182724 7938948 -10831306 -10222854 -5914789 -681271 5167753 5038503 1275744 -6022916 -9207007 -6671269 -9889473 -9230375 -12432597 -16590911 -7057100 -6368012 -5276771 -3887901 -12703319 -13179701 2523868 -4510342 -1986826 -2990968 -60617 -2750127 -590636 -3444592 4523587 3537141 1845807 -1309499 -4250338 -5452574 -2127065 -7038839 -419038 -6245712 -10744120 -7810802 -3921825 -4779897 -8382792 -8569978 168260 -4280138 -1859565 -655417 -4985751 -11082979 -6008600 31590 -12345925 -12197459 -6285742 -10500838 7924982 4331948 1626338 3904828 729990 2183914 -9540228 -2476372 -3648499 -4363709 -5641380 2496108 2773257 50619 -2056924 153832 15876485 9365785 4733616 7458782 11081087 11483873 3270816 5654956 -1387001 -925309 -1634903 -6777099 11720186 5314040 -1903370 2733336 7371598 132124 -6824659 -1964703 -2507694 4659520 1852147 -4881765 2825659 5652573 -438005 5383885 8001150 13314442 -1513865 6595545 14101525 11212357 10807989 10789197 2100812 3132548 3117864 9148988 16508132 9007688 5376938 5840234 1974024 6923664 -238368 6201432 1032802 1071770 1857582 -2036686 -1795547 -6811313 395638 -1765654 -4024023 3263735 6740538 3504858 9537700 6126292 9299024 2354836 5663619 4200171 -1946931 -91323 -2790774 3131040 3599261 5221713 -2964459 3687491 3591061 4013851 -4081865 -716799 -3431797 1127677 4447375 11191923 7636285 9175633 5278206 6352748 1278673 -6347819 3888172 2546438 -3140376 1258898 -5517499 533875 -10683475 -9536785 1000334 1068558 -3562703 -8545761 3018210 4545692 -406404 -648558 3596127 9087213 208375 316849 548804 -5281898 -10752579 -4451443 -2401242 -721050 -1086581 -4096923 731258 -2448258 -1038004 6078152 -623589 -7102317 1264185 3645293 9843632 3558532 5921226 2720470
TEST INTT_ROUNDTRIP  : -21501 4172291 -14334 4179458 -7167 4186625 0 -4186625 7167 -4179458 14334 -4172291 21501 -21501 4172291 -14334 4179458 -7167 4186625 0 -4186625 7167 -4179458 14334 -4172291 21501 -21501 4172291 -14334 4179458 -7167 4186625 0 -4186625 7167 -4179458 14334 -4172291 21501 -21501 4172291 -14334 4179458 -7167 4186625 0 -4186625 7167 -4179458 14334 -4172291 21501 -21501 4172291 -14334 4179458 -7167 4186625 0 -4186625 7167 -4179458 14334 -4172291 21501 -21501 4172291 -14334 4179458 -7167 4186625 0 -4186625 7167 -4179458 14334 -4172291 21501 -21501 4172291 -14334 4179458 -7167 4186625 0 -4186625 7167 -4179458 14334 -4172291 21501 -21501 4172291 -14334 4179458 -7167 4186625 0 -4186625 7167 -4179458 14334 -4172291 21501 -21501 4172291 -14334 4179458 -7167 4186625 0 -4186625 7167 -4179458 14334 -4172291 21501 -21501 4172291 -14334 4179458 -7167 4186625 0 -4186625 7167 -4179458 14334 -4172291 21501 -21501 4172291 -14334 4179458 -7167 4186625 0 -4186625 7167 -4179458 14334 -4172291 21501 -21501 4172291 -14334 4179458 -7167 4186625 0 -4186625 7167 -4179458 14334 -4172291 21501 -21501 4172291 -14334 4179458 -7167 4186625 0 -4186625 7167 -4179458 14334 -4172291 21501 -21501 4172291 -14334 4179458 -7167 4186625 0 -4186625 7167 -4179458 14334 -4172291 21501 -21501 4172291 -14334 4179458 -7167 4186625 0 -4186625 7167 -4179458 14334 -4172291 21501 -21501 4172291 -14334 4179458 -7167 4186625 0 -4186625 7167 -4179458 14334 -4172291 21501 -21501 4172291 -14334 4179458 -7167 4186625 0 -4186625 7167 -4179458 14334 -4172291 21501 -21501 4172291 -14334 4179458 -7167 4186625 0 -4186625 7167 -4179458 14334 -4172291 21501 -21501 4172291 -14334 4179458 -7167 4186625 0 -4186625 7167 -4179458 14334 -4172291 21501 -21501 4172291 -14334 4179458 -7167 4186625 0 -4186625 7167
TEST INTT_ORIGINAL   : -6 -5 -4 -3 -2 -1 0 1 2 3 4 5 6 -6 -5 -4 -3 -2 -1 0 1 2 3 4 5 6 -6 -5 -4 -3 -2 -1 0 1 2 3 4 5 6 -6 -5 -4 -3 -2 -1 0 1 2 3 4 5 6 -6 -5 -4 -3 -2 -1 0 1 2 3 4 5 6 -6 -5 -4 -3 -2 -1 0 1 2 3 4 5 6 -6 -5 -4 -3 -2 -1 0 1 2 3 4 5 6 -6 -5 -4 -3 -2 -1 0 1 2 3 4 5 6 -6 -5 -4 -3 -2 -1 0 1 2 3 4 5 6 -6 -5 -4 -3 -2 -1 0 1 2 3 4 5 6 -6 -5 -4 -3 -2 -1 0 1 2 3 4 5 6 -6 -5 -4 -3 -2 -1 0 1 2 3 4 5 6 -6 -5 -4 -3 -2 -1 0 1 2 3 4 5 6 -6 -5 -4 -3 -2 -1 0 1 2 3 4 5 6 -6 -5 -4 -3 -2 -1 0 1 2 3 4 5 6 -6 -5 -4 -3 -2 -1 0 1 2 3 4 5 6 -6 -5 -4 -3 -2 -1 0 1 2 3 4 5 6 -6 -5 -4 -3 -2 -1 0 1 2 3 4 5 6 -6 -5 -4 -3 -2 -1 0 1 2 3 4 5 6 -6 -5 -4 -3 -2 -1 0 1 2
TEST MONT_REDUCE[0]  : 0
TEST MONT_REDUCE[1]  : -114592
TEST MONT_REDUCE[-1]  : 114592
TEST MONT_REDUCE[8380417]  : 0
TEST MONT_REDUCE[-8380417]  : 0
TEST MONT_REDUCE[1000000]  : 1822058
TEST MONT_REDUCE[-1000000]  : -1822058
TEST MONT_REDUCE[2147483647]  : -4075616
TEST MONT_REDUCE[-2147483648]  : 4190208
TEST MONT_REDUCE[1250999896491]  : -428974
# End of golden vectors
